mild_winter = {
	360
	362
	363
	365
	366
	367
	376
	377
	382
	394
	407
	418
	420
	437
	439
	443
	450
	461
	462
	465
	476
	477
	478
	480
	486
	487
	491
	500
	503
	507
	512
	513
	514
	516
	525
	526
	531
	534
	535
	536
	542
	546
	549
	550
	552
	556
	557
	562
	563
	564
	565
	568
	572
	574
	577
	581
	584
	589
	594
	595
	598
	602
	604
	608
	611
	612
	613
	617
	618
	619
	623
	626
	629
	630
	635
	637
	643
	645
	648
	650
	654
	655
	656
	658
	661
	663
	669
	670
	673
	684
	686
	688
	691
	693
	695
	698
	700
	711
	713
	716
	718
	721
	722
	725
	728
	729
	730
	732
	746
	748
	750
	753
	755
	758
	761
	762
	765
	766
	769
	777
	779
	780
	784
	785
	788
	789
	793
	794
	798
	800
	801
	805
	806
	811
	814
	820
	826
	828
	830
	832
	837
	841
	842
	846
	849
	851
	856
	858
	859
	860
	863
	864
	867
	872
	879
	882
	886
	888
	891
	895
	900
	904
	908
	909
	916
	918
	919
	920
	921
	923
	924
	925
	927
	937
	938
	940
	941
	946
	947
	953
	954
	955
	958
	960
	963
	965
	968
	970
	971
	973
	979
	981
	982
	983
	989
	990
	992
	993
	997
	999
	1000
	1001
	1003
	1004
	1009
	1010
	1012
	1013
	1014
	1016
	1021
	1022
	1023
	1027
	1029
	1030
	1031
	1032
	1033
	1036
	1037
	1040
	1041
	1045
	1049
	1050
	1051
	1055
	1056
	1057
	1062
	1063
	1064
	1066
	1067
	1070
	1072
	1074
	1075
	1079
	1081
	1082
	1084
	1088
	1089
	1090
	1093
	1094
	1095
	1096
	1098
	1102
	1106
	1107
	1109
	1110
	1111
	1116
	1121
	1122
	1123
	1126
	1128
	1129
	1130
	1131
	1132
	1135
	1140
	1141
	1143
	1145
	1147
	1148
	1157
	1158
	1159
	1160
	1161
	1163
	1164
	1165
	1166
	1168
	1169
	1172
	1174
	1175
	1180
	1183
	1188
	1190
	1191
	1192
	1193
	1194
	1195
	1196
	1197
	1201
	1205
	1206
	1207
	1210
	1214
	1216
	1220
	1221
	1222
	1225
	1226
	1227
	1229
	1230
	1232
	1233
	1236
	1239
	1241
	1243
	1246
	1248
	1249
	1251
	1256
	1257
	1258
	1261
	1263
	1264
	1265
	1267
	1269
	1274
	1277
	1279
	1280
	1282
	1285
	1286
	1287
	1290
	1291
	1294
	1298
	1299
	1301
	1307
	1310
	1311
	1313
	1314
	1317
	1318
	1319
	1320
	1321
	1323
	1326
	1327
	1328
	1332
	1334
	1335
	1336
	1337
	1341
	1344
	1346
	1348
	1351
	1352
	1353
	1354
	1355
	1357
	1359
	1360
	1361
	1363
	1364
	1366
	1371
	1376
	1378
	1384
	1385
	1386
	1388
	1389
	1392
	1393
	1395
	1399
	1404
	1405
	1411
	1412
	1413
	1415
	1418
	1419
	1420
	1422
	1426
	1432
	1435
	1438
	1439
	1440
	1442
	1445
	1447
	1448
	1453
	1454
	1465
	1466
	1467
	1470
	1471
	1473
	1474
	1476
	1479
	1480
	1482
	1484
	1488
	1495
	1497
	1499
	1502
	1509
	1510
	1511
	1514
	1515
	1517
	1519
	1533
	1534
	1541
	1545
	1548
	1551
	1557
	1558
	1559
	1563
	1567
	1570
	1571
	1574
	1584
	1585
	1588
	1589
	1595
	1597
	1600
	1601
	1609
	1614
	1616
	1617
	1618
	1621
	1626
	1631
	1633
	1635
	1647
	1650
	1652
	1656
	1657
	1658
	1659
	1670
	1675
	1677
	1685
	1687
	1688
	1692
	1703
	1704
	1711
	1713
	1723
	1737
	1756
	1760
	1864
	1871
	1907
	1911
	1912
	1914
	1915
	1922
	1934
	1946
	1955
	1959
	1963
	1965
	1981
	1986
	2004
	2005
	2008
	2018
	2024
	2027
	2040
	2060
	2070
	2073
	2077
	2090
	2098
	2104
	2106
	2107
	2108
	2116
	2128
	2130
	2131
	2134
	2136
	2142
	2149
	2154
	2158
	2173
	2182
	2183
	2186
	2192
	2193
	2196
}

normal_winter = {
	2
	4
	6
	9
	12
	13
	14
	17
	19
	20
	21
	22
	25
	28
	29
	32
	33
	34
	38
	39
	40
	41
	45
	46
	47
	50
	53
	55
	56
	57
	58
	59
	60
	62
	63
	64
	65
	66
	68
	69
	70
	71
	72
	73
	78
	80
	81
	82
	85
	86
	89
	90
	92
	96
	99
	100
	103
	104
	106
	107
	109
	110
	113
	115
	116
	118
	119
	120
	121
	123
	124
	125
	126
	127
	128
	129
	130
	132
	133
	134
	137
	138
	139
	140
	141
	142
	143
	144
	146
	147
	149
	151
	152
	153
	154
	155
	157
	158
	159
	161
	162
	163
	164
	165
	171
	172
	173
	174
	176
	178
	179
	180
	181
	183
	184
	185
	186
	189
	190
	191
	193
	195
	196
	198
	200
	203
	204
	205
	207
	208
	209
	211
	212
	213
	214
	215
	217
	220
	222
	223
	224
	225
	227
	228
	229
	230
	231
	233
	234
	235
	236
	237
	238
	239
	240
	242
	243
	244
	245
	247
	248
	249
	250
	251
	252
	253
	254
	256
	257
	259
	260
	261
	262
	263
	264
	265
	266
	268
	269
	270
	271
	272
	273
	274
	275
	277
	279
	280
	281
	282
	283
	284
	286
	287
	288
	290
	291
	293
	294
	295
	296
	298
	299
	300
	301
	302
	303
	304
	305
	306
	308
	309
	311
	314
	316
	317
	318
	319
	320
	321
	322
	323
	324
	325
	326
	328
	329
	331
	332
	333
	335
	336
	337
	341
	343
	344
	346
	347
	348
	349
	350
	351
	352
	353
	354
	355
	356
	357
	364
	368
	369
	370
	372
	374
	375
	378
	380
	381
	383
	387
	388
	389
	390
	391
	393
	395
	396
	400
	401
	402
	403
	404
	405
	408
	409
	410
	411
	412
	413
	414
	415
	416
	421
	423
	424
	425
	427
	428
	429
	434
	441
	442
	445
	446
	448
	451
	452
	454
	455
	457
	458
	466
	471
	472
	474
	479
	481
	483
	484
	485
	492
	493
	498
	505
	506
	508
	509
	518
	519
	520
	527
	528
	530
	537
	541
	544
	548
	554
	558
	566
	569
	571
	576
	580
	582
	585
	592
	599
	609
	610
	625
	631
	632
	633
	644
	653
	659
	662
	665
	671
	674
	675
	689
	694
	696
	712
	714
	719
	727
	736
	742
	752
	757
	763
	770
	774
	775
	782
	790
	795
	797
	816
	818
	821
	823
	824
	825
	835
	839
	840
	844
	847
	854
	855
	862
	870
	871
	875
	877
	883
	887
	890
	893
	898
	901
	902
	906
	911
	914
	922
	930
	931
	934
	943
	944
	948
	951
	967
	969
	980
	987
	994
	1005
	1011
	1015
	1019
	1024
	1028
	1038
	1042
	1043
	1052
	1053
	1060
	1069
	1073
	1077
	1083
	1085
	1091
	1108
	1117
	1133
	1144
	1151
	1154
	1156
	1173
	1179
	1199
	1208
	1209
	1215
	1223
	1234
	1235
	1250
	1259
	1270
	1272
	1288
	1295
	1297
	1303
	1305
	1306
	1325
	1329
	1330
	1342
	1349
	1356
	1365
	1370
	1381
	1383
	1387
	1400
	1402
	1403
	1409
	1414
	1416
	1425
	1427
	1433
	1434
	1437
	1450
	1452
	1455
	1457
	1458
	1472
	1483
	1487
	1489
	1500
	1503
	1516
	1520
	1525
	1529
	1530
	1537
	1539
	1542
	1544
	1552
	1555
	1560
	1564
	1568
	1577
	1578
	1580
	1586
	1602
	1604
	1605
	1606
	1607
	1612
	1620
	1627
	1628
	1629
	1637
	1641
	1644
	1648
	1660
	1664
	1665
	1666
	1667
	1679
	1680
	1683
	1686
	1693
	1694
	1695
	1701
	1702
	1707
	1709
	1718
	1719
	1724
	1727
	1728
	1730
	1733
	1742
	1743
	1744
	1754
	1755
	1758
	1761
	1765
	1768
	1769
	1774
	1779
	1786
	1788
	1792
	1794
	1796
	1802
	1803
	1821
	1822
	1823
	1825
	1826
	1840
	1843
	1844
	1846
	1853
	1863
	1865
	1866
	1870
	1873
	1874
	1876
	1878
	1887
	1889
	1890
	1896
	1899
	1906
	1908
	1920
	1921
	1924
	1929
	1936
	1937
	1939
	1942
	1947
	1953
	1957
	1958
	1962
	1966
	1968
	1970
	1972
	1973
	1974
	1978
	1980
	1984
	1987
	1988
	1989
	1990
	1991
	1993
	1994
	1995
	1997
	1998
	2001
	2006
	2009
	2010
	2012
	2017
	2020
	2021
	2022
	2025
	2028
	2030
	2036
	2037
	2038
	2039
	2043
	2048
	2051
	2054
	2055
	2058
	2063
	2068
	2074
	2075
	2079
	2080
	2083
	2085
	2096
	2099
	2101
	2105
	2110
	2114
	2122
	2123
	2124
	2129
	2133
	2145
	2150
	2151
	2166
	2169
	2176
	2177
	2179
	2188
	2189
	2197
	2199
	2201
	2205
	2206
	2207
	2208
}

severe_winter = {
	397
	433
	438
	532
	567
	588
	636
	799
	907
	912
	935
	942
	949
	961
	986
	1006
	1114
	1146
	1184
	1185
	1247
	1372
	1390
	1436
	1456
	1462
	1477
	1485
	1505
	1513
	1561
	1581
	1646
	1668
	2029
	2033
	2044
	2047
	2052
	2059
	2062
	2064
	2066
	2071
	2078
	2081
	2091
	2094
	2095
	2103
	2112
	2115
	2117
	2119
	2125
	2127
	2132
	2138
	2143
	2144
	2146
	2147
	2148
	2156
	2160
	2161
	2162
	2167
	2168
	2171
	2172
	2185
	2187
	2190
	2191
	2194
	2195
	2200
	2202
	2203
	2204
}

