region_e_empire0076 = { 
	provinces = { 1 7 11 8 16 3 5 10 15 18 24 26 27 23 30 37 36 42 49 48 52 61 74 75 76 83 84 97 88 94 91 95 87 102 105 108 101 122 111 112 114 31 35 44 43 51 54 67 77 79 93 98 106 117 131 136 150 148 168 170 194 156 167 177 175 187 192 197 199 202 210 219 226 241 255 267 278 285 297 276 292 315 340 345 135 145 166 160 182 169 188 206 201 221 218 232 258 216 246 307 289 310 312 313 334 330 338 339 327 361 373 358 359 371 379 385 384 386 392 398 399 431 426 422 406 435 440 459 464 419 430 447 456 467 490 489 501 449 468 494 497 529 511 522 551 }
}region_e_empire0564 = { 
	provinces = { 407 418 420 439 437 433 455 476 462 480 491 503 505 512 536 531 532 525 550 542 564 557 571 530 556 574 584 581 567 589 588 602 619 630 613 623 608 604 635 629 636 643 656 665 655 673 663 659 669 684 700 713 693 729 750 746 780 761 779 789 753 769 775 806 805 782 799 820 801 832 828 841 846 824 849 859 864 872 900 882 879 908 925 924 937 953 979 970 993 1004 999 997 990 1022 1040 1036 1016 1023 1049 1015 1053 1141 1055 1056 1064 1094 1093 1079 1081 1095 1107 1123 1131 1128 1122 1164 1169 1160 1158 1157 1173 1195 1196 1192 1216 1205 1225 1226 1232 1241 1221 1248 1269 1267 1277 1291 1280 1301 1307 1320 1310 1327 1344 1336 1334 1337 1348 1360 1359 1366 1385 1388 1393 1399 1413 1419 1422 1420 1439 1454 1467 1484 1472 1479 1510 1519 1517 1545 1585 1558 1372 1405 1433 1456 1471 1499 1530 1544 1577 1561 1589 1567 1600 1614 1616 1620 1652 1658 1675 1703 1692 1756 }
}region_e_empire0601 = { 
	provinces = { 417 432 436 460 469 495 496 502 524 538 510 533 547 553 560 579 561 573 593 583 596 607 601 606 615 628 640 642 634 651 654 667 679 682 678 690 703 695 705 723 717 720 731 747 740 754 768 764 783 793 810 813 834 845 876 895 927 916 938 940 946 960 958 973 968 965 907 923 935 941 963 942 981 983 1003 992 1014 1009 1013 1029 1030 1045 1062 1066 1067 1088 1102 1096 1109 1121 1140 1159 1148 1161 1069 1077 1130 1144 1168 1193 1188 1191 1207 1222 1190 1184 1185 1209 1220 1230 1229 1258 1239 1246 1279 1285 1263 1282 1294 1256 1257 1286 1313 1318 1319 1326 1353 1364 1355 1352 1371 1402 1384 1376 1392 1411 1418 1440 1412 1332 1383 1404 1425 1438 1434 1435 1453 1466 1487 1470 1488 1476 1514 1509 1502 1513 1534 1551 1560 1570 1557 1563 1617 1584 1588 1618 1633 1647 1657 1656 1685 1687 1704 1713 1723 1711 1737 1760 }
}region_e_empire0473 = { 
	provinces = { 443 465 486 516 546 }
}region_e_empire0473 = { 
	provinces = { 618 645 670 696 722 }
}region_e_empire0812 = { 
	provinces = { 812 }
}region_e_empire1626 = { 
	provinces = { 1626 }
}region_e_empire1764 = { 
	provinces = { 1673 1676 1682 1696 1699 1726 1721 1725 1715 1734 1740 1752 1745 1767 1777 1771 1778 1789 1790 1809 1804 1811 1807 1831 1845 1712 1720 1748 1741 1764 1782 1766 1801 1842 1868 1834 1847 1860 1861 1892 1877 1909 1872 1901 1888 1898 1923 1933 1935 1952 1954 1961 1977 1976 1992 2002 2003 2013 1999 2026 2032 2031 2041 2049 2050 2056 2053 2067 2076 2069 2065 2088 2086 2084 2100 2118 2082 2092 2089 2109 2113 2111 2121 2108 1864 1881 1867 1882 1893 1922 1925 1913 1917 1940 1938 1907 1914 1871 1915 1934 1912 1946 1959 1944 1950 1965 1982 1955 1902 1911 1903 1932 1941 1951 1963 1964 1956 1971 1986 1996 1981 1979 2005 2004 2018 2015 2008 2023 2024 2027 2040 2011 2034 2042 2070 2045 2057 2061 2072 2060 2073 2077 2087 2093 2090 2106 2097 2098 2107 2102 2116 2120 2104 2130 2134 2137 2128 2131 2126 2135 2139 2141 2136 2152 2170 2155 2163 2140 2149 2142 2158 2154 2159 2153 2157 2165 2174 2169 2183 2186 2164 2181 2173 2182 2176 2175 2178 2180 2184 2189 2192 2198 2205 2193 2197 2196 2206 2208 }
}